angle/°	t/ms	timer1/ms	timer2/ms	Date	DateOA	Counter1	Counter2	Counter3	Counter4	dt/ms	dtimer1/ms	dtimer2/ms	dCounter1	dCounter2	dCounter3	dCounter4	Ticks1	Ticks2	Ticks3	Ticks4	dTicks1	dTicks2	dTicks3	dTicks4
90	119995.79115	0	119994	2026-03-09_14:18:30	46090.5961805556	207158	268481	26	30	1	20	20	455.146130380123	518.151522240358	5.09901951359278	5.47722557505166	1726.40298681601	2237.45353934363	0.216677500541694	0.250012500625031	3.80397291849237	4.33421889759741	0.0424939693242095	0.0456458477711948
105	119995.87385	0	119994	2026-03-09_14:20:42	46090.5977083333	208350	268299	12	13	1	20	20	456.453721641088	517.975868163759	3.46410161513775	3.60555127546399	1736.33681684084	2235.93679683984	0.100005000250013	0.108338750270847	3.81496417071244	4.33273871920149	0.0288689617193003	0.0300477684428501
120	119995.85965	0	119994	2026-03-09_14:22:54	46090.5992361111	209170	266619	17	20	1	20	20	457.351068655142	516.351624380131	4.12310562561766	4.47213595499958	1743.17049185793	2221.93609680484	0.141673750354184	0.166675000416688	3.82250733475428	4.31905227999781	0.0343609397072016	0.03726967346187
135	119996.62225	0	119995	2026-03-09_14:25:06	46090.6007638889	208634	265592	27	32	1	20	20	456.764709670088	515.356187505302	5.19615242270663	5.65685424949238	1738.68911204634	2213.35888995375	0.225009375390641	0.26667777824076	3.81754633202433	4.31062866313799	0.0433030907239953	0.0471424373003774
150	119996.2051	0	119994	2026-03-09_14:27:18	46090.6022916667	208392	266026	19	24	1	20	20	456.499726177355	515.777083632067	4.35889894354067	4.89897948556636	1736.68683434172	2216.99418304249	0.158341250395853	0.200010000500025	3.81535088199603	4.31421122647502	0.0363259837485254	0.0408268840002213
165	119995.57035	0	119994	2026-03-09_14:29:30	46090.6038194444	206585	265805	20	26	1	20	20	454.51622633301	515.562799278614	4.47213595499958	5.09901951359278	1721.62774805407	2215.15242428788	0.166675000416688	0.216677500541694	3.79867831053351	4.31240570661433	0.03726967346187	0.0424939693242095
180	119995.67965	0	119995	2026-03-09_14:31:42	46090.6053472222	205934	264603	19	23	1	20	20	453.799515204677	514.39576203542	4.35889894354067	4.79583152331272	1716.18817450727	2205.11687986999	0.158339930830451	0.191674653110546	3.79262241765996	4.30253663797901	0.0363256810192207	0.0399669407512137
195	119995.61055	0	119994	2026-03-09_14:33:54	46090.606875	205769	264598	16	22	1	20	20	453.61768043144	514.390901941315	4	4.69041575982343	1714.82740803707	2205.09358801273	0.13334000033335	0.183342500458356	3.79112587071272	4.3025318078548	0.0333350074918553	0.0390887643811285
210	119996.4424	0	119995	2026-03-09_14:36:06	46090.6084027778	203140	264696	17	28	1	20	20	450.710550131678	514.48615141712	4.12310562561766	5.29150262212918	1692.90387099462	2205.89191216301	0.141672569690404	0.233343055960665	3.76666108346507	4.30329819601211	0.0343606533539708	0.0440977097387962
225	119996.7495	0	119994	2026-03-09_14:38:18	46090.6099305556	201838	264994	10	17	1	20	20	449.263842302049	514.775679301188	3.16227766016838	4.12310562561766	1682.06743670517	2208.39375302098	0.0833375002083438	0.141673750354184	3.75453465493042	4.30577372119959	0.0263536351769047	0.0343609397072016
240	119996.2473	0	119994	2026-03-09_14:40:30	46090.6114583333	200189	264661	12	17	1	20	20	447.424854025791	514.452135771638	3.46410161513775	4.12310562561766	1668.32508292081	2205.61861426405	0.100005000250013	0.141673750354184	3.73908091030786	4.30304772546979	0.0288689617193003	0.0343609397072016
255	119996.23055	0	119995	2026-03-09_14:42:42	46090.6129861111	199434	265209	21	25	1	20	20	446.580339916571	514.984465785134	4.58257569495584	5	1662.01925080212	2210.16709029543	0.175007291970499	0.208342014250594	3.73195320302214	4.30749669823431	0.0381897331693122	0.0416684173195174
270	119996.16435	0	119995	2026-03-09_14:44:53	46090.6145023148	199204	263369	18	23	1	20	20	446.322753173082	513.194894752471	4.24264068711928	4.79583152331272	1660.10250427101	2194.83311804659	0.150006250260428	0.191674653110546	3.72978876907115	4.29241924098411	0.0353568210997768	0.0399669407512137
270	119996.0488	0	119994	2026-03-09_14:46:57	46090.6159375	198701	263772	15	21	1	20	20	445.758903444452	513.587383022597	3.87298334620742	4.58257569495584	1655.92446288981	2198.20991049552	0.125006250312516	0.175008750437522	3.72508217296328	4.2957619877864	0.0322764817670847	0.0381900514331874
255	119995.84575	0	119994	2026-03-09_14:49:09	46090.6174652778	198631	263242	20	25	1	20	20	445.680378746922	513.071145164099	4.47213595499958	5	1655.34110038835	2193.79302298448	0.166675000416688	0.208343750520859	3.72442236262955	4.29141269336765	0.03726967346187	0.0416687645739323
240	119995.65975	0	119994	2026-03-09_14:51:21	46090.6189930556	200203	262009	16	21	1	20	20	447.440498837555	511.868147084774	4	4.58257569495584	1668.4417554211	2183.51750920879	0.13334000033335	0.175008750437522	3.73921237542063	4.28127782289953	0.0333350074918553	0.0381900514331874
225	119995.769	0	119995	2026-03-09_14:53:33	46090.6205208333	201374	262486	16	22	1	20	20	448.747144837714	512.333875514786	4	4.69041575982343	1678.18659110796	2187.47447810325	0.13333888912038	0.183340972540523	3.7501611094304	4.28516540382276	0.0333347296884276	0.0390884386276532
210	119995.85785	0	119994	2026-03-09_14:55:45	46090.6220486111	202627	261613	16	19	1	20	20	450.141088993218	511.48118244956	4	4.35889894354067	1688.64276547161	2180.21734420054	0.13334000033335	0.158341250395853	3.76190687503513	4.27801787953364	0.0333350074918553	0.0363259837485254
195	119995.8134	0	119994	2026-03-09_14:57:57	46090.6235763889	203816	262472	13	22	1	20	20	451.45985425063	512.320212367226	3.60555127546399	4.69041575982343	1698.55159424638	2187.37603546844	0.108338750270847	0.183342500458356	3.7729899868433	4.28508626692463	0.0300477684428501	0.0390887643811285
180	119995.5625	0	119994	2026-03-09_15:00:09	46090.6251041667	205359	262249	14	20	1	20	20	453.165532669906	512.102528796724	3.74165738677394	4.47213595499958	1711.41057052853	2185.51760921379	0.116672500291681	0.166675000416688	3.78732558328227	4.28325237300993	0.0311820433887621	0.03726967346187
165	119995.7372	0	119995	2026-03-09_15:02:21	46090.6266319444	206939	262325	20	23	1	20	20	454.905484688853	512.17672731197	4.47213595499958	4.79583152331272	1724.56352348015	2186.13275553148	0.166673611400475	0.191674653110546	3.80191831036073	4.28384150413553	0.0372693628681439	0.0399669407512137
150	119996.2837	0	119994	2026-03-09_15:04:33	46090.6281597222	207387	262229	25	27	1	20	20	455.397628452323	512.083001084785	5	5.19615242270663	1728.31141557078	2185.35093421338	0.208343750520859	0.225011250562528	3.80608690023259	4.28308786094436	0.0416687645739323	0.0433034516013992
135	119995.66985	0	119994	2026-03-09_15:06:45	46090.6296875	209233	261758	24	30	1	20	20	457.419938349871	511.622908009405	4.89897948556636	5.47722557505166	1743.69551810924	2181.42573795356	0.200010000500025	0.250012500625031	3.82308626891164	4.27921182564945	0.0408268840002213	0.0456458477711948
120	119995.9731	0	119994	2026-03-09_15:08:57	46090.6312152778	209078	262310	14	22	1	20	20	457.250478403249	512.162083719597	3.74165738677394	4.69041575982343	1742.40378685601	2186.02596796506	0.116672500291681	0.183342500458356	3.82166175314698	4.28375409690189	0.0311820433887621	0.0390887643811285
105	119996.47155	0	119995	2026-03-09_15:11:08	46090.6327314815	208912	263230	22	28	1	20	20	457.068922592644	513.059450746207	4.69041575982343	5.29150262212918	1741.0058752448	2193.67473644735	0.183340972540523	0.233343055960665	3.82010354760366	4.29127814714785	0.0390884386276532	0.0440977097387962
90	119996.1758	0	119994	2026-03-09_15:13:20	46090.6342592593	208358	261129	24	30	1	20	20	456.462484767368	511.007827728695	4.89897948556636	5.47722557505166	1736.40348684101	2176.18380919046	0.200010000500025	0.250012500625031	3.81503783295792	4.2740302237629	0.0408268840002213	0.0456458477711948