angle/°	t/ms	timer1/ms	timer2/ms	Date	DateOA	Counter1	Counter2	Counter3	Counter4	dt/ms	dtimer1/ms	dtimer2/ms	dCounter1	dCounter2	dCounter3	dCounter4	Ticks1	Ticks2	Ticks3	Ticks4	dTicks1	dTicks2	dTicks3	dTicks4
90	719996.2564	0	719985	2026-03-09_15:18:37	46090.6379282407	1248219	1564993	4035	5095	1	20	20	1117.2372174252	1250.99680255387	63.521649852629	71.3792686989717	1733.67361820038	2173.64667319458	5.6042834225713	7.07653631672882	1.55249780728074	1.73858056858566	0.0882264890819227	0.0991401334920991
105	719996.21215	0	719985	2026-03-09_15:30:49	46090.646400463	1251615	1565093	3971	5116	1	20	20	1118.75600557047	1251.03677004315	63.0158710167526	71.5262189689907	1738.39038313298	2173.78556497705	5.51539268179198	7.10570359104704	1.55461032980364	1.73863618065078	0.0875240005866472	0.0993442365475841
120	719995.63275	0	719984	2026-03-09_15:43:01	46090.6548726852	1257054	1557252	4022	5176	1	20	20	1121.18419539342	1247.89903437738	63.4192399828317	71.9444229944198	1745.94713215849	2162.89806440143	5.58623524967221	7.18904864552546	1.55798994637043	1.73427266431009	0.0880843718674404	0.0999252298210197
135	719996.87965	0	719986	2026-03-09_15:55:13	46090.6633449074	1255613	1549121	4076	5298	1	20	20	1120.54138700898	1244.63689484122	63.8435587980495	72.7873615403114	1743.9408544055	2151.59878108741	5.66122119041204	7.35847641481918	1.55709150981206	1.7297288623631	0.0886734730923124	0.101095730086369
150	719996.0669	0	719985	2026-03-09_16:07:25	46090.6718171296	1247464	1545358	4408	5581	1	20	20	1116.89927925485	1243.12428984394	66.3927706907913	74.706090782479	1732.62498524275	2146.37527170705	6.12234977117579	7.7515503795218	1.55202776128547	1.72762662311984	0.0922142594694242	0.103760844522375
165	719996.2441	0	719985	2026-03-09_16:19:37	46090.6802893519	1241672	1540126	4326	5578	1	20	20	1114.3033698235	1241.01813040745	65.7723346096214	74.6860093993514	1724.58037320222	2139.10845364834	6.00845850955228	7.74738362604776	1.54841706464058	1.72469611978185	0.0913525203815527	0.103732952951282
180	719996.21755	0	719985	2026-03-09_16:31:49	46090.6887615741	1233398	1533843	4265	5539	1	20	20	1110.58453077647	1238.48415411744	65.3069674690228	74.4244583453585	1713.08846712084	2130.3818829559	5.92373452224699	7.69321583088537	1.54324450722089	1.72117037690803	0.0907061604513988	0.103369677693142
195	719996.37435	0	719985	2026-03-09_16:44:02	46090.6972453704	1225671	1527378	4255	5513	1	20	20	1107.1002664619	1235.87135252825	65.2303610292017	74.2495791233863	1702.35629908956	2121.40252921936	5.90984534400022	7.65710396744377	1.53839826609879	1.71753498424719	0.0905997598770139	0.103126783271016
210	719996.39165	0	719986	2026-03-09_16:56:14	46090.7057175926	1219619	1520885	4005	5272	1	20	20	1104.36361765498	1233.24166325988	63.285069329187	72.6085394426854	1693.94821565975	2112.38135185962	5.56260816182537	7.32236460153392	1.53458977550127	1.7138737385971	0.0878977745638609	0.100847359713192
225	719996.52425	0	719986	2026-03-09_17:08:26	46090.7141898148	1210238	1516078	3890	5066	1	20	20	1100.10817649902	1231.29119220435	62.3698645180507	71.175838597097	1680.91879564325	2105.70483314953	5.40288283383288	7.03624792704303	1.5286710174979	1.71115993934071	0.0866266262462636	0.0988574468306192
240	719995.6692	0	719985	2026-03-09_17:20:38	46090.722662037	1202013	1506250	3746	4974	1	20	20	1096.36353459972	1227.29377086336	61.2045749923974	70.5265907300218	1669.49728119336	2092.05747341959	5.20288617123968	6.90847725994292	1.52346488483717	1.70560052256716	0.0850082480188522	0.0979558269613295
255	719996.1204	0	719986	2026-03-09_17:32:51	46090.7311458333	1194928	1498782	3630	4802	1	20	20	1093.12762292424	1224.24752399178	60.2494813255683	69.2964645562817	1659.65449328181	2081.68214381946	5.0417647009803	6.66957413060809	1.5189621256377	1.7013598156792	0.0836815795112096	0.0962471394463381
270	719996.2668	0	719987	2026-03-09_17:45:03	46090.7396180556	1192601	1497370	3617	4785	1	20	20	1092.06272713613	1223.67070733919	60.1414998150196	69.173694422085	1656.42018536446	2079.71810602136	5.02370181683836	6.6459533297129	1.51747892250405	1.70055491272149	0.0835314856272393	0.0960764876667246
270	719996.2609	0	719985	2026-03-09_17:57:07	46090.7479976852	1190130	1505412	3598	4859	1	20	20	1090.93079523863	1226.95232181206	59.9833310178753	69.7065276713738	1652.99277068272	2090.89356028251	4.9973263331875	6.74875171010507	1.51590881419337	1.70512545171697	0.0833120332856733	0.0968168202803428
255	719996.03025	0	719985	2026-03-09_18:09:20	46090.7564814815	1194397	1501711	3634	4753	1	20	20	1092.88471487161	1225.44318513752	60.2826674924061	68.9420046125727	1658.91928304062	2085.75317541338	5.04732737487587	6.60152642068932	1.51862639163215	1.70302573885563	0.0837277887907949	0.0957549546698856
240	719995.6926	0	719985	2026-03-09_18:21:32	46090.7649537037	1204242	1492699	3703	4940	1	20	20	1097.37960615277	1221.76061485055	60.8522801544856	70.2851335632223	1672.59317902456	2073.23624797739	5.14316270477857	6.8612540539039	1.52487808921402	1.69790209195746	0.0845189373295673	0.0976204608743181
225	719995.96495	0	719986	2026-03-09_18:33:45	46090.7734375	1209700	1493745	3792	5059	1	20	20	1099.8636279103	1222.18861064895	61.5792172733626	71.1266476083331	1680.17155889142	2074.68617445339	5.26676907606537	7.02652551577392	1.52833088457676	1.69849520808395	0.0855284788383585	0.0987891242840655
210	719995.5337	0	719985	2026-03-09_18:45:57	46090.7819097222	1215997	1495520	3952	5284	1	20	20	1102.72253989841	1222.91455138943	62.8649345820068	72.691127381545	1688.91990805364	2077.1543851608	5.48900324312312	7.33904178559276	1.53230937519647	1.69950758534788	0.0873143613207916	0.100962208343597
195	719995.4628	0	719985	2026-03-09_18:58:09	46090.7903819444	1226464	1493660	4161	5542	1	20	20	1107.45835136135	1222.15383647068	64.5058136914806	74.444610281739	1703.45771092453	2074.5709980069	5.77928706848059	7.6973825843594	1.53889632211975	1.6984491879313	0.0895934182635026	0.103397667256275
180	719996.08805	0	719985	2026-03-09_19:10:21	46090.7988541667	1235464	1490680	4173	5617	1	20	20	1111.51428240936	1220.934068654	64.5987615980368	74.9466476902069	1715.95797134663	2070.43202288937	5.79595408237672	7.80155142121016	1.54453770018208	1.696752106058	0.089722515890334	0.104094960464616
165	719997.0517	0	719986	2026-03-09_19:22:33	46090.8073263889	1241482	1485103	4263	5694	1	20	20	1114.21811150241	1218.64802137451	65.2916533716217	75.4585979196539	1724.31408388496	2062.68316328373	5.92094846288678	7.90848710947157	1.54829632521887	1.69356915382787	0.0906847643694739	0.104805876350779
150	719995.88995	0	719985	2026-03-09_19:34:45	46090.8157986111	1247782	1489316	4133	5422	1	20	20	1117.04162858866	1220.37535209459	64.2884126417817	73.6342311700204	1733.066661111	2068.53753897651	5.74039736938964	7.53071244539817	1.55222575820702	1.69597475699602	0.0892914646211161	0.10227211012161
135	719995.7655	0	719985	2026-03-09_19:46:57	46090.8242708333	1254928	1493500	4004	5307	1	20	20	1120.23568948682	1222.08837650965	63.2771680782255	72.8491592264454	1742.99186788614	2074.34877115495	5.56122697000632	7.37098689556032	1.55666846919544	1.69835811232444	0.0878869224078608	0.101181702935184
120	719996.68295	0	719986	2026-03-09_19:59:09	46090.8327430556	1253692	1495274	3917	5205	1	20	20	1119.68388396011	1222.81396786265	62.5859409132754	72.145685941711	1741.27274697008	2076.80982685774	5.44038356301373	7.2293072365296	1.55589878132404	1.69936527840751	0.0869267395421883	0.100204491230504
105	719996.03625	0	719985	2026-03-09_20:11:22	46090.8412268519	1250559	1500193	3832	5119	1	20	20	1118.28395320688	1224.82366077734	61.9031501621686	71.5471872263334	1736.92368591012	2083.64479815552	5.32233310416189	7.10987034452107	1.55395373882285	1.70216377627063	0.0859785157791146	0.0993733599064643
90	719996.11735	0	719985	2026-03-09_20:23:34	46090.8496990741	1242130	1503886	3732	4936	1	20	20	1114.50886044033	1226.33029808449	61.0900973972051	70.2566722810012	1725.21649756592	2088.77407168205	5.1834413216942	6.85569838260519	1.54870288431806	1.70426000799481	0.0848492473582562	0.0975809302661919
90	719996.95345	0	719987	2026-03-09_20:35:39	46090.8580902778	1244088	1502969	3864	5008	1	20	20	1115.38692837956	1225.9563613767	62.1610810716802	70.7672240518165	1727.93119875776	2087.4946353198	5.3667635665644	6.95568114424288	1.54991989303925	1.70373499911696	0.0863365223830618	0.0982897757680184
105	719996.1463	0	719986	2026-03-09_20:47:51	46090.8665625	1250756	1501715	3858	5087	1	20	20	1118.37203112381	1225.44481719904	62.1128006130781	71.3232080041272	1737.19488990064	2085.75583414122	5.3584375251741	7.06541516085035	1.55407408826494	1.70302564149271	0.0862695845015146	0.0990621317452459
120	719995.7188	0	719985	2026-03-09_21:00:03	46090.8750347222	1254569	1505138	3871	5102	1	20	20	1120.0754438876	1226.84065795033	62.2173609212091	71.4282857137143	1742.49324638708	2090.51299679854	5.37650089932429	7.08625874150156	1.55644557811771	1.70497008970475	0.0864149306485433	0.0992082144993501
135	719996.4355	0	719986	2026-03-09_21:12:16	46090.8835185185	1251956	1521816	4018	5228	1	20	20	1118.90839660805	1233.61906600052	63.3876959669619	72.3049099301009	1738.86158897534	2113.67443255841	5.580664068468	7.2612523021281	1.55482013337637	1.71439884183641	0.0880403149942053	0.100425641294197
150	719995.81675	0	719985	2026-03-09_21:24:28	46090.8919907407	1246375	1522226	4238	5523	1	20	20	1116.41166242565	1233.78523252631	65.0999231950392	74.3168890629849	1731.11245373168	2114.24682458662	5.88623374098071	7.67099314569054	1.55134952451364	1.71463242381828	0.0904185915536726	0.103220271842994
165	719995.95735	0	719985	2026-03-09_21:36:40	46090.900462963	1237006	1524605	4285	5616	1	20	20	1112.20771441309	1234.74896234012	65.4599113962126	74.9399759807808	1718.09968263228	2117.55106009153	5.95151287874053	7.80016250338549	1.54550219782093	1.71597332441083	0.090918588049159	0.104085693948233
180	719996.11545	0	719986	2026-03-09_21:48:52	46090.9089351852	1233004	1525850	4290	5520	1	20	20	1110.40713254193	1235.25301052052	65.4980915752513	74.2967024840268	1712.53885492218	2119.27731928121	5.95844919206762	7.66681574363946	1.54299561896576	1.71667225409889	0.0909714910911929	0.103192090838531
195	719996.71645	0	719986	2026-03-09_22:01:04	46090.9174074074	1225529	1527296	4109	5387	1	20	20	1107.03613310497	1235.83817710896	64.1014820421494	73.39618518697	1702.15670860267	2121.28569166623	5.7070554149664	7.48208992952641	1.5383069252243	1.71748643664275	0.0890317084827851	0.101941340155711
210	719996.2972	0	719985	2026-03-09_22:13:16	46090.9258796296	1219216	1526474	4116	5379	1	20	20	1104.18114455917	1235.50556453623	64.1560597293818	73.3416661932356	1693.39083453128	2120.14694750585	5.71678576637013	7.47098897893706	1.53433811121833	1.71702603732473	0.0891076364243597	0.101865758870468
225	719995.85885	0	719985	2026-03-09_22:25:29	46090.9343634259	1211965	1533177	4019	5176	1	20	20	1100.89281948789	1238.21524784667	63.3955834423818	71.9444229944198	1683.31979138454	2129.45686368466	5.58206073737647	7.18903866052765	1.52976447439995	1.72079622559079	0.0880513923815042	0.0999250910325325
240	719995.95185	0	719985	2026-03-09_22:37:41	46090.9428356482	1201869	1531468	3854	4957	1	20	20	1096.29786098487	1237.52494924345	62.080592780675	70.4059656563277	1669.2972770266	2127.08320312229	5.35288929630478	6.88486565692341	1.52337354273383	1.71983575792709	0.0862249700910617	0.0977882876834742
255	719996.4599	0	719986	2026-03-09_22:49:54	46090.9513194444	1195185	1532607	3769	4908	1	20	20	1093.24516920954	1237.98505645262	61.3921819126833	70.057119552548	1660.01144466698	2128.66222398769	5.23482401046687	6.8167992155403	1.51912561328241	1.72047354926164	0.0852687013161611	0.0973036311984324
270	719996.2616	0	719986	2026-03-09_23:02:06	46090.9597916667	1191306	1533783	3671	4807	1	20	20	1091.46965143333	1238.45993072041	60.5887778388044	69.3325320466518	1654.623839908	2130.2955890809	5.09871025269936	6.67651871008603	1.51665616381152	1.72113427956015	0.0841528358229292	0.0962972344356023
270	719995.84215	0	719985	2026-03-09_23:14:10	46090.9681712963	1189940	1532820	3602	4650	1	20	20	1090.843710162	1238.0710803504	60.0166643524946	68.1909084849293	1652.72887629603	2128.96102002125	5.0028820044862	6.4584678847476	1.51578769363828	1.72059563366472	0.083358330741195	0.0947117381933567
255	719996.2527	0	719985	2026-03-09_23:26:22	46090.9766435185	1195453	1529290	3683	4780	1	20	20	1093.36773319867	1236.64465389214	60.687725282795	69.1375440697744	1660.38598026348	2124.05814010014	5.11538434828503	6.6390272019556	1.51929819190576	1.71861093533767	0.0842903831581944	0.096026544405772
240	719997.14005	0	719986	2026-03-09_23:38:34	46090.9851157407	1204264	1529258	3740	4920	1	20	20	1097.38962998563	1236.63171558876	61.1555394056826	70.1427116670007	1672.62141208301	2124.01074465337	5.19454544949485	6.83346620628734	1.52488991097943	1.71859054351016	0.0849400233483067	0.0974225121228892
225	719996.2004	0	719986	2026-03-09_23:50:47	46090.993599537	1211171	1529954	3945	5105	1	20	20	1100.53214401034	1236.91309314761	62.8092349897688	71.449282711585	1682.21465417383	2124.9774301167	5.47927320809016	7.09041564697091	1.52926069757472	1.71898204484197	0.0872368776455207	0.0992372399433114
210	719995.80835	0	719985	2026-03-10_00:02:59	46091.0020717593	1215772	1531199	4096	5293	1	20	20	1102.62051495517	1237.41625979296	64	72.7530068107154	1688.60740154309	2126.70958422745	5.68900740987659	7.35154204601485	1.53216747158716	1.71968452977318	0.0888908812543826	0.101048154311842
195	719995.6042	0	719985	2026-03-10_00:15:11	46091.0105439815	1225793	1526823	4253	5507	1	20	20	1107.15536398466	1235.64679419323	65.2150289427215	74.2091638546076	1702.52574706417	2120.63167982666	5.90706750835087	7.6487704604957	1.53847490055716	1.71722254015651	0.0905784647639594	0.103070649425825
180	719996.02295	0	719985	2026-03-10_00:27:23	46091.0190162037	1233063	1527039	4270	5464	1	20	20	1110.43369905636	1235.73419471988	65.3452370108182	73.9188744503053	1712.62317964958	2120.93168607679	5.93067911137038	7.5890469940346	1.54303471544267	1.71734414674364	0.0907593139626876	0.102667458737955
165	719995.7705	0	719985	2026-03-10_00:39:36	46091.0275	1239814	1528887	4255	5530	1	20	20	1113.46935296846	1236.48170225038	65.2303610292017	74.3639697703128	1721.99976388397	2123.4984062168	5.90984534400022	7.68071557046327	1.54725702087133	1.71838420853032	0.0905997598770139	0.103285663494886
150	719996.96305	0	719985	2026-03-10_00:51:48	46091.0359722222	1245888	1529516	4216	5451	1	20	20	1116.19353160641	1236.73602680604	64.9307323229917	73.8308878451289	1730.43605075106	2124.37203552852	5.85567754883782	7.5709910623138	1.5510461219254	1.7187380693533	0.0901835981860014	0.10254525180174
135	719995.68025	0	719985	2026-03-10_01:04:00	46091.0444444444	1252517	1526503	3970	5113	1	20	20	1119.15905929408	1235.51730056685	63.0079360080935	71.505244562899	1739.64318701084	2120.18722612277	5.51400376396731	7.10153683757301	1.55517094925882	1.71704236649293	0.0875129794610323	0.0993151046486475
120	719995.9802	0	719986	2026-03-10_01:16:12	46091.0529166667	1255417	1528495	3906	5052	1	20	20	1120.45392587112	1236.32317781396	62.497999967999	71.0774225756674	1743.66862688997	2122.95100182504	5.42510548816227	7.01680310450481	1.55696985718963	1.71816125253001	0.0868045964124366	0.0987207544536722
105	719996.34495	0	719986	2026-03-10_01:28:24	46091.0613888889	1250137	1532721	3950	5104	1	20	20	1118.09525533382	1238.03109815545	62.8490254498827	71.442284397967	1736.33515096127	2128.82056039979	5.48621778756809	7.08902673107533	1.55368911381322	1.72053761070164	0.0872921435005761	0.0992275198168569
90	719995.64915	0	719985	2026-03-10_01:40:37	46091.0698726852	1244599	1529798	3889	5024	1	20	20	1115.61597335284	1236.85003132959	62.3618473106755	70.8801805866774	1728.64573567505	2124.76371035508	5.40150142016848	6.97792315117676	1.55024278524014	1.71889669247811	0.0866156112715325	0.0984469370574528
90	719995.4477	0	719985	2026-03-10_01:52:41	46091.0782523148	1245842	1527074	3860	5011	1	20	20	1116.17292567057	1235.74835626029	62.1288982680363	70.7884171316184	1730.37216053112	2120.98029820066	5.36122280325285	6.95986721945596	1.5510174607194	1.71736385070782	0.0862920627430078	0.0983194844188876
105	719996.2321	0	719985	2026-03-10_02:04:53	46091.086724537	1251314	1527854	3888	4989	1	20	20	1118.62147306406	1236.06391420509	62.3538290724796	70.6328535456412	1737.97231886775	2122.0636541039	5.4001125023438	6.92931102731307	1.55442320465469	1.71780290925569	0.0866044745474562	0.0981034181310278
120	719996.2493	0	719985	2026-03-10_02:17:06	46091.0952083333	1254763	1528870	4008	5131	1	20	20	1120.1620418493	1236.47482788773	63.3087671653777	71.6309988761849	1742.76269644506	2123.47479461378	5.56678264130503	7.12653735841719	1.55656603016924	1.71837464371771	0.0879308111467506	0.0994897680913819
135	719995.9368	0	719985	2026-03-10_02:29:18	46091.1036805556	1253458	1529213	4220	5436	1	20	20	1119.57938530503	1236.61352087061	64.9615270756469	73.7292343646671	1740.95015868386	2123.95119342764	5.86123322013653	7.55015729494364	1.55575559387623	1.71856761762804	0.0902263697756866	0.102404062581216
150	719995.41515	0	719985	2026-03-10_02:41:30	46091.1121527778	1247883	1537872	4182	5368	1	20	20	1117.08683637397	1240.10967256933	64.668384856899	73.2666363360568	1733.20694181129	2135.97783287152	5.80845434279881	7.45571088286562	1.55228863875762	1.72343209998309	0.0898192173431544	0.101761547916306
165	719996.71475	0	719986	2026-03-10_02:53:42	46091.120625	1240142	1541802	4288	5465	1	20	20	1113.61663062294	1241.69319882167	65.4828221749796	73.9256383131049	1722.45293658488	2141.43330564761	5.95567136027645	7.59042536938218	1.54745971954826	1.72563300622374	0.090950283073157	0.102676710636865
180	719995.55535	0	719985	2026-03-10_03:05:55	46091.1291087963	1233109	1550058	4362	5563	1	20	20	1110.45441149108	1245.01325294151	66.0454389038335	74.5855213831746	1712.68706986951	2152.90318548303	6.05845955124065	7.72654985867761	1.54306352435489	1.73025493524943	0.0917318417109848	0.10359338245456
195	719995.69175	0	719985	2026-03-10_03:18:07	46091.1375810185	1226838	1607443	4423	5479	1	20	20	1107.627193599	1267.84975450564	66.5056388586712	74.0202674947882	1703.97716619096	2232.60623485212	6.14318353854594	7.60988076140475	1.53913116293502	1.76203088615252	0.0923710248808136	0.102808286236591
210	719996.4099	0	719985	2026-03-10_03:30:19	46091.1460532407	1218967	1600492	4309	5352	1	20	20	1104.06838556314	1265.10552919509	65.6429737291052	73.1573646326875	1693.04499399293	2222.95186705279	5.98484690653278	7.43348819767078	1.53418127733755	1.75821231021829	0.0911728478509141	0.101609777558194
225	719995.7893	0	719985	2026-03-10_03:42:31	46091.154525463	1210084	1619244	4158	5070	1	20	20	1100.03818115555	1272.49518663137	64.482555780614	71.2039324756716	1680.70723695633	2248.99685410113	5.77512031500656	7.0418133711119	1.52857578877631	1.76849505188867	0.0895611147810132	0.0988966044536334
240	719995.3658	0	719985	2026-03-10_03:54:43	46091.1629976852	1203687	1638150	4056	4952	1	20	20	1097.12670188999	1279.90234002443	63.6867333123626	70.3704483430367	1671.82232963187	2275.25573449447	5.63345069688952	6.87792106780002	1.52452633666709	1.77880236324054	0.0884557775153385	0.097738956771068
255	719996.9599	0	719985	2026-03-10_04:06:55	46091.1714699074	1197506	1630343	3896	4785	1	20	20	1094.3061728785	1276.84885558158	62.4179461373089	69.173694422085	1663.23742855754	2264.41245303722	5.41122384494121	6.64597179107898	1.520603411874	1.77455330627673	0.0866935282828321	0.0960767545524025
270	719996.08505	0	719985	2026-03-10_04:19:07	46091.1799421296	1193077	1622675	3876	4749	1	20	20	1092.28064159354	1273.84261194231	62.2575296650935	68.9129886160802	1657.08591151205	2253.76223115759	5.38344548844768	6.59597074939061	1.51778622467798	1.77037002430929	0.0864707219830528	0.0957146536135395
270	719995.92365	0	719985	2026-03-10_04:31:11	46091.1883217593	1192533	1622171	3894	4791	1	20	20	1092.03159294958	1273.64476994176	62.4019230472908	69.2170499226888	1656.33034021542	2253.06221657396	5.40844600929186	6.65430529802704	1.51743983919295	1.77009472228081	0.0866712734271687	0.0961369721137061
255	719995.8977	0	719985	2026-03-10_04:43:24	46091.1968055556	1196074	1617535	4063	4944	1	20	20	1093.65168129528	1271.8234940431	63.7416661219332	70.3135833249878	1661.2484982326	2246.62319353875	5.64317312166226	6.86680972520261	1.51969311810846	1.76756037941901	0.0885320750322068	0.0976599754815696
240	719995.8139	0	719985	2026-03-10_04:55:36	46091.2052777778	1202074	1617462	4006	4872	1	20	20	1096.39135348652	1271.7947947684	63.2929695937866	69.7997134664606	1669.58200518066	2246.52180253755	5.56400480565567	6.76680764182587	1.52350357672185	1.76752044389665	0.0879088695162182	0.0969462484210276
225	719995.96925	0	719985	2026-03-10_05:07:48	46091.21375	1211340	1616260	4106	5048	1	20	20	1100.60892236979	1271.32214642867	64.0780773744032	71.0492786733264	1682.45171774412	2244.85232331229	5.70289658812336	7.01125717896901	1.52936961185411	1.76686274628405	0.0889993248261438	0.0986818017731209
210	719995.97125	0	719985	2026-03-10_05:20:00	46091.2222222222	1215913	1611001	4378	5295	1	20	20	1102.68445169051	1269.25214201119	66.1664567586931	72.7667506489056	1688.80323895637	2237.54800447232	6.08068223643548	7.3543198816642	1.53225639938054	1.76398231326003	0.0918999264168836	0.101067243490653
195	719995.8511	0	719985	2026-03-10_05:32:12	46091.2306944444	1227077	1617768	4385	5361	1	20	20	1107.73507663159	1271.91509150572	66.2193325245732	73.2188500319419	1704.30911755106	2246.9468113919	6.09040466120822	7.44598845809288	1.53928121631413	1.7676878388479	0.0919733668830509	0.101695176254636
180	719996.26455	0	719985	2026-03-10_05:44:25	46091.2391782407	1232856	1613170	4599	5620	1	20	20	1110.34048831879	1270.10629476434	67.8159273327439	74.9666592559653	1712.33567365987	2240.56056723404	6.38763307568908	7.80571817468419	1.54290506870622	1.76517087372476	0.0941909173994285	0.104122755065748
165	719995.8185	0	719985	2026-03-10_05:56:37	46091.247650463	1238962	1617005	4579	5587	1	20	20	1113.08669922877	1271.61511472615	67.6683086828687	74.7462373634954	1720.81640589735	2245.88706709168	6.35985471919554	7.75988388646986	1.54672478415544	1.76727041617901	0.0939858861363336	0.10381660518474
150	719996.7782	0	719986	2026-03-10_06:08:49	46091.2561226852	1248266	1618093	4314	5360	1	20	20	1117.25825125617	1272.04284519037	65.6810474946921	73.2120208708925	1733.73648932063	2247.39508823783	5.99178317356171	7.44458920034556	1.55252490533041	1.76786315185402	0.0912256027411998	0.101685549818819
135	719996.6461	0	719986	2026-03-10_06:21:01	46091.2645949074	1252269	1739083	4406	5217	1	20	20	1119.04825633214	1318.74296206653	66.3777071011044	72.2288031189774	1739.29631965066	2415.44002244488	6.1195634359557	7.24597422727664	1.55501466818085	1.83285161176375	0.0921932092252559	0.100319934695495
120	719996.3669	0	719985	2026-03-10_06:33:13	46091.2730671296	1254686	1751054	4405	5188	1	20	20	1120.12767129466	1323.27397012108	66.3701740241805	72.0277724214764	1742.65574977256	2432.07011257179	6.11818301770176	7.20570567442377	1.55651822299206	1.83916006280502	0.0921828743963169	0.100040857231801
105	719996.23825	0	719985	2026-03-10_06:45:26	46091.2815509259	1250810	1784534	4252	4988	1	20	20	1118.39617309789	1335.86451408816	65.2073615476044	70.6257743320383	1737.27230428412	2478.57108134197	5.90567859052619	6.92792210948839	1.55410982856996	1.85668305426811	0.0905678153297955	0.0980935856282979
90	719995.626	0	719985	2026-03-10_06:57:38	46091.2900231481	1242679	1775991	4129	4890	1	20	20	1114.7551300622	1332.66312322357	64.2572953056694	69.9285349481884	1725.97901345167	2466.70555636576	5.73484169809093	6.79180816267006	1.54904542426422	1.85222742839869	0.089248244991682	0.0971251718840282